8.07694e-312 8.07694e-312 1.07421e-312          0 1.62054e-319 1.07421e-312 8.07694e-312 8.07694e-312 6.95312e-310 6.95312e-310 
8.07694e-312 8.07694e-312 6.9531e-310 2.02369e-320 4.44659e-323 6.9531e-310 3.95253e-323          0          0 6.47582e-319 
8.07694e-312 8.07694e-312 1.07421e-312          0 1.62054e-319 1.07421e-312 8.07694e-312 8.07694e-312 6.95312e-310 6.95312e-310 
8.07694e-312 8.07694e-312 6.9531e-310 2.02369e-320 4.44659e-323 6.9531e-310 3.95253e-323          0          0 3.33909e-318 
         0          0          0          0          0          0          0          0          0          0 
         0          0          0          0          0          0          0          0          0          0 
         0          0          0          0          0          0          0          0          0          0 
         0          0          0          0          0          0          0          0          0          0 
         0          0          0          0          0          0          0          0          0          0 
         0          0          0          0          0          0          0          0          0          0 
